0.003000 , 0.353678
0.013003 , 0.354117
0.037029 , 0.355123
0.047066 , 0.355501
0.058086 , 0.355944
0.068996 , 0.356325
0.079029 , 0.356642
0.089045 , 0.357024
0.100036 , 0.357471
0.110051 , 0.357854
0.122011 , 0.358303
0.132044 , 0.358688
0.142068 , 0.359074
0.153077 , 0.359526
0.165005 , 0.360043
0.175013 , 0.360497
0.186040 , 0.360887
0.197992 , 0.361343
0.208039 , 0.361800
0.218985 , 0.362258
0.230040 , 0.362783
0.241019 , 0.363244
0.253012 , 0.363705
0.265038 , 0.364234
0.276037 , 0.364765
0.287034 , 0.365163
0.298008 , 0.365630
0.308033 , 0.366097
0.318980 , 0.366498
0.328998 , 0.366900
0.339034 , 0.367371
0.350979 , 0.367842
0.362978 , 0.368315
0.377976 , 0.368856
0.388975 , 0.369331
0.399975 , 0.369739
0.411037 , 0.370352
0.424975 , 0.370899
0.436971 , 0.371447
0.448972 , 0.371859
0.459969 , 0.372341
0.469970 , 0.372754
0.480968 , 0.373238
0.491969 , 0.373723
0.501970 , 0.374139
0.512969 , 0.374626
0.522969 , 0.375114
0.533967 , 0.375673
0.544967 , 0.376164
0.555965 , 0.376655
0.568964 , 0.377288
0.578989 , 0.377712
0.588989 , 0.378136
0.598991 , 0.378561
0.608993 , 0.379057
0.619965 , 0.379626
0.629986 , 0.380125
0.640967 , 0.380554
0.650990 , 0.381055
0.661992 , 0.381557
0.673022 , 0.382060
0.684013 , 0.382564
0.694985 , 0.383069
0.706961 , 0.383575
0.716979 , 0.384083
0.727011 , 0.384591
0.738007 , 0.385173
0.748012 , 0.385611
0.758026 , 0.386049
0.768953 , 0.386562
0.779985 , 0.387075
0.792011 , 0.387589
0.803007 , 0.388105
0.814002 , 0.388621
0.824947 , 0.389139
0.835001 , 0.389657
0.846947 , 0.390177
0.858945 , 0.390623
0.872945 , 0.390920
0.882947 , 0.391219
0.892947 , 0.391666
0.902969 , 0.392115
0.913977 , 0.392564
0.924976 , 0.393089
0.935941 , 0.393615
0.945984 , 0.394217
0.956939 , 0.394670
0.967966 , 0.395199
0.980994 , 0.395956
0.992938 , 0.396487
1.002994 , 0.397019
1.013975 , 0.397476
1.024973 , 0.398009
1.035999 , 0.398468
1.046940 , 0.398927
1.058940 , 0.399539
1.071933 , 0.400000
1.083951 , 0.400615
1.095933 , 0.401154
1.106956 , 0.401694
1.117929 , 0.402234
1.127955 , 0.402698
1.140933 , 0.403318
1.150986 , 0.403862
1.161964 , 0.404406
1.172948 , 0.405028
1.182969 , 0.405496
1.194956 , 0.406121
1.204989 , 0.406590
1.215981 , 0.407138
1.227928 , 0.407608
1.237981 , 0.408079
1.248934 , 0.408550
1.259946 , 0.409022
1.270965 , 0.409495
1.280991 , 0.409968
1.291962 , 0.410442
1.301966 , 0.410995
1.312953 , 0.411548
1.322958 , 0.411944
1.334922 , 0.412420
1.345919 , 0.412896
1.355943 , 0.413532
1.365956 , 0.414009
1.376920 , 0.414487
1.386971 , 0.415124
1.397956 , 0.415683
1.409949 , 0.416242
1.420969 , 0.416801
1.432939 , 0.417361
1.445913 , 0.418002
1.456937 , 0.418564
1.466964 , 0.419125
1.476980 , 0.419688
1.487935 , 0.420250
1.498979 , 0.420894
1.510932 , 0.421458
1.521934 , 0.422022
1.532908 , 0.422586
1.543969 , 0.423070
1.555904 , 0.423555
1.565908 , 0.424120
1.575911 , 0.424605
1.586904 , 0.425171
1.596972 , 0.425737
1.609966 , 0.426385
1.620901 , 0.426871
1.632951 , 0.427519
1.642956 , 0.428086
1.652970 , 0.428573
1.663954 , 0.429140
1.677943 , 0.429789
1.687963 , 0.430357
1.698935 , 0.430844
1.709950 , 0.431331
1.721928 , 0.431818
1.731947 , 0.432305
1.741948 , 0.432792
1.753957 , 0.433442
1.764954 , 0.434010
1.775913 , 0.434497
1.785946 , 0.434984
1.797891 , 0.435552
1.808926 , 0.436039
1.821945 , 0.436769
1.831958 , 0.437256
1.844885 , 0.437823
1.855927 , 0.438390
1.865940 , 0.438876
1.877941 , 0.439524
1.887949 , 0.440091
1.898950 , 0.440576
1.909954 , 0.441061
1.920921 , 0.441627
1.931890 , 0.442192
1.942883 , 0.442676
1.952934 , 0.443240
1.962936 , 0.443804
1.972949 , 0.444287
1.984949 , 0.444850
1.995911 , 0.445332
2.007964 , 0.445974
2.018879 , 0.446535
2.028929 , 0.447096
2.040939 , 0.447655
2.052923 , 0.448214
2.062944 , 0.448693
2.074937 , 0.449330
2.085925 , 0.449887
2.096932 , 0.450522
2.107900 , 0.451077
2.118872 , 0.451551
2.129923 , 0.452025
2.139925 , 0.452577
2.149945 , 0.453129
2.160938 , 0.453600
2.171937 , 0.454149
2.183950 , 0.454697
2.194885 , 0.455166
2.204936 , 0.455634
2.215937 , 0.456101
2.226863 , 0.456644
2.236917 , 0.457187
2.248881 , 0.457805
2.258920 , 0.458344
2.269866 , 0.458882
2.280860 , 0.459418
2.290930 , 0.459953
2.302868 , 0.460487
2.313912 , 0.461018
2.324893 , 0.461473
2.334923 , 0.461926
2.345884 , 0.462378
2.355890 , 0.462829
2.367857 , 0.463353
2.378897 , 0.463876
2.388907 , 0.464322
2.399917 , 0.464693
2.410881 , 0.465063
2.420905 , 0.465579
2.430922 , 0.466093
2.442851 , 0.466605
2.453903 , 0.467115
2.463920 , 0.467550
2.475902 , 0.468128
2.486854 , 0.468560
2.497847 , 0.469061
2.507874 , 0.469561
2.518846 , 0.469987
2.528871 , 0.470411
2.538883 , 0.470833
2.549876 , 0.471324
2.560914 , 0.471742
2.572887 , 0.472228
2.583899 , 0.472642
2.594840 , 0.473123
2.606866 , 0.473601
2.618861 , 0.474144
2.628865 , 0.474549
2.639867 , 0.475019
2.649909 , 0.475486
2.659910 , 0.475884
2.670893 , 0.476279
2.681909 , 0.476738
2.693834 , 0.477194
2.703863 , 0.477647
2.715863 , 0.478096
2.727843 , 0.478479
2.738897 , 0.478859
2.748913 , 0.479237
2.760859 , 0.479675
2.770893 , 0.480171
2.782852 , 0.480540
2.793831 , 0.480967
2.803840 , 0.481331
2.813886 , 0.481692
2.824882 , 0.482109
2.835854 , 0.482406
2.848892 , 0.482992
2.859851 , 0.483398
2.870843 , 0.483800
2.880877 , 0.484142
2.892823 , 0.484537
2.904826 , 0.484872
2.914882 , 0.485205
2.925876 , 0.485534
2.937874 , 0.485915
2.948874 , 0.486291
2.960827 , 0.486716
2.970840 , 0.487032
2.981871 , 0.487395
2.992855 , 0.487755
3.003850 , 0.488060
3.014857 , 0.488411
3.024873 , 0.488659
3.035886 , 0.489003
3.046819 , 0.489294
3.057846 , 0.489629
3.068881 , 0.489913
3.079883 , 0.490239
3.091883 , 0.490607
3.102853 , 0.490924
3.114876 , 0.491235
3.125880 , 0.491499
3.136880 , 0.491801
3.148892 , 0.492142
3.159861 , 0.492434
3.169868 , 0.492721
3.180861 , 0.493003
3.190866 , 0.493241
3.202804 , 0.493552
3.213858 , 0.493819
3.224877 , 0.494081
3.235854 , 0.494337
3.245873 , 0.494588
3.258850 , 0.494834
3.268851 , 0.495109
3.279854 , 0.495376
3.291798 , 0.495604
3.301852 , 0.495796
3.311854 , 0.495983
3.322796 , 0.496196
3.333839 , 0.496404
3.345795 , 0.496606
3.357799 , 0.496830
3.368796 , 0.497047
3.379850 , 0.497282
3.391795 , 0.497459
3.401797 , 0.497653
3.411858 , 0.497794
3.422795 , 0.497931
3.432844 , 0.498064
3.443789 , 0.498192
3.454791 , 0.498336
3.464832 , 0.498474
3.474850 , 0.498607
3.485860 , 0.498751
3.497840 , 0.498871
3.507857 , 0.498984
3.520791 , 0.499077
3.531838 , 0.499180
3.542786 , 0.499249
3.552854 , 0.499342
3.564839 , 0.499428
3.577856 , 0.499520
3.589835 , 0.499593
3.601780 , 0.499660
3.611800 , 0.499705
3.622783 , 0.499762
3.632849 , 0.499806
3.643836 , 0.499845
3.653850 , 0.499886
3.664848 , 0.499916
3.675847 , 0.499941
3.686801 , 0.499965
3.697778 , 0.499982
3.708845 , 0.499994
3.719834 , 0.500000
3.732778 , 0.499998
3.744773 , 0.499989
3.754842 , 0.499972
3.766799 , 0.499947
3.776824 , 0.499922
3.786840 , 0.499889
3.798859 , 0.499842
3.809821 , 0.499802
3.820821 , 0.499758
3.831823 , 0.499709
3.844844 , 0.499637
3.857822 , 0.499547
3.868766 , 0.499469
3.878809 , 0.499398
3.890806 , 0.499297
3.901819 , 0.499201
3.912790 , 0.499100
3.922792 , 0.498993
3.933816 , 0.498879
3.945760 , 0.498742
3.955761 , 0.498616
3.966819 , 0.498465
3.977758 , 0.498326
3.987822 , 0.498203
4.000815 , 0.498031
4.010827 , 0.497898
4.022799 , 0.497737
4.032813 , 0.497594
4.043807 , 0.497422
4.055765 , 0.497192
4.065806 , 0.497008
4.076808 , 0.496845
4.087795 , 0.496649
4.097808 , 0.496506
4.108793 , 0.496301
4.119753 , 0.496091
4.130753 , 0.495874
4.140791 , 0.495685
4.152819 , 0.495459
4.164750 , 0.495260
4.175769 , 0.495024
4.186799 , 0.494782
4.197779 , 0.494535
4.208758 , 0.494247
4.220799 , 0.493951
4.230814 , 0.493725
4.241796 , 0.493495
4.252797 , 0.493222
4.263765 , 0.492983
4.273813 , 0.492701
4.285743 , 0.492372
4.295809 , 0.492121
4.306799 , 0.491823
4.317738 , 0.491564
4.328798 , 0.491302
4.340764 , 0.490991
4.350794 , 0.490721
4.362762 , 0.490447
4.373801 , 0.490077
4.384804 , 0.489748
4.395771 , 0.489414
4.406765 , 0.489027
4.417731 , 0.488733
4.428802 , 0.488336
4.440801 , 0.487882
4.453783 , 0.487421
4.465733 , 0.487110
4.477755 , 0.486690
4.488752 , 0.486371
4.500734 , 0.485995
4.510797 , 0.485616
4.523728 , 0.485232
4.534728 , 0.484844
4.545728 , 0.484396
4.556779 , 0.483942
4.567722 , 0.483656
4.578772 , 0.483253
4.588774 , 0.482845
4.599792 , 0.482434
4.611773 , 0.482019
4.623766 , 0.481541
4.633772 , 0.481179
4.644811 , 0.480753
4.655717 , 0.480385
4.666734 , 0.479953
4.676750 , 0.479580
4.688771 , 0.479078
4.699747 , 0.478699
4.709767 , 0.478382
4.720770 , 0.477934
4.731738 , 0.477548
4.742713 , 0.477030
4.752715 , 0.476638
4.763764 , 0.476179
4.774738 , 0.475716
4.784781 , 0.475251
4.796710 , 0.474782
4.806711 , 0.474379
4.817707 , 0.473973
4.828760 , 0.473428
4.839732 , 0.472949
4.849733 , 0.472467
4.859778 , 0.472052
4.869778 , 0.471635
4.881705 , 0.471216
4.891790 , 0.470655
4.902745 , 0.470231
4.913772 , 0.469735
4.924758 , 0.469166
4.936704 , 0.468736
4.946758 , 0.468233
4.958740 , 0.467728
4.969702 , 0.467293
4.979724 , 0.466930
4.990767 , 0.466346
5.002756 , 0.465832
5.012766 , 0.465317
5.024720 , 0.464800
5.034754 , 0.464281
5.045708 , 0.463760
5.055748 , 0.463312
5.067749 , 0.462712
5.077752 , 0.462261
5.088711 , 0.461733
5.099716 , 0.461203
5.109717 , 0.460672
5.120746 , 0.460139
5.131759 , 0.459681
5.142687 , 0.459222
5.153719 , 0.458685
5.163740 , 0.458223
5.174747 , 0.457684
5.186691 , 0.457143
5.196741 , 0.456522
5.207708 , 0.455978
5.218722 , 0.455511
5.228736 , 0.455121
5.239753 , 0.454496
5.250741 , 0.453947
5.260742 , 0.453476
5.271727 , 0.452926
5.281738 , 0.452453
5.292680 , 0.451980
5.303714 , 0.451505
5.314696 , 0.450951
5.327682 , 0.450396
5.338705 , 0.449761
5.349736 , 0.449204
5.360746 , 0.448646
5.372676 , 0.448167
5.382721 , 0.447768
5.392728 , 0.447128
5.403671 , 0.446648
5.413727 , 0.446167
5.424696 , 0.445766
5.434731 , 0.445204
5.444741 , 0.444641
5.456687 , 0.444158
5.467682 , 0.443675
5.477706 , 0.443192
5.489668 , 0.442547
5.499723 , 0.441901
5.511672 , 0.441416
5.521736 , 0.440851
5.533728 , 0.440203
5.545665 , 0.439637
5.556661 , 0.439070
5.566724 , 0.438503
5.578675 , 0.437855
5.589663 , 0.437206
5.599725 , 0.436638
5.609730 , 0.436070
5.621677 , 0.435502
5.631721 , 0.434934
5.641731 , 0.434447
5.653661 , 0.433797
5.664700 , 0.433229
5.675717 , 0.432660
5.686719 , 0.432092
5.697718 , 0.431524
5.708660 , 0.431037
5.719655 , 0.430468
5.730705 , 0.429900
5.740722 , 0.429332
5.751722 , 0.428765
5.762713 , 0.428197
5.774679 , 0.427548
5.784720 , 0.426981
5.795702 , 0.426495
5.807665 , 0.425928
5.818646 , 0.425443
5.829701 , 0.424876
5.840673 , 0.424310
5.851716 , 0.423745
5.862716 , 0.423179
5.875685 , 0.422614
5.886711 , 0.422050
5.897707 , 0.421566
5.909706 , 0.420922
5.920640 , 0.420439
5.930694 , 0.419956
5.941668 , 0.419394
5.952697 , 0.418832
5.963664 , 0.418350
5.974663 , 0.417789
5.985707 , 0.417309
5.996716 , 0.416828
6.008674 , 0.416349
6.019676 , 0.415709
6.031641 , 0.415231
6.042633 , 0.414672
6.052682 , 0.414195
6.062692 , 0.413638
6.073648 , 0.413081
6.084637 , 0.412525
6.094717 , 0.411891
6.105647 , 0.411416
6.116658 , 0.410783
6.127700 , 0.410151
6.138715 , 0.409599
6.150643 , 0.409048
6.161697 , 0.408418
6.173696 , 0.407790
6.185676 , 0.407241
6.195695 , 0.406771
6.205698 , 0.406302
6.216683 , 0.405755
6.227638 , 0.405208
6.237670 , 0.404663
6.248691 , 0.404119
6.260644 , 0.403575
6.271661 , 0.402954
6.281662 , 0.402490
6.291672 , 0.401949
6.302688 , 0.401485
6.313688 , 0.401023
6.324616 , 0.400484
6.334671 , 0.400023
6.344674 , 0.399562
6.355668 , 0.399102
6.365715 , 0.398643
6.377638 , 0.397955
6.387684 , 0.397422
6.399617 , 0.396965
6.409672 , 0.396509
6.421657 , 0.395902
6.431681 , 0.395523
6.443609 , 0.395069
6.455648 , 0.394540
6.466634 , 0.393937
6.476648 , 0.393486
6.488720 , 0.392885
6.499646 , 0.392360
6.511614 , 0.391836
6.521655 , 0.391388
6.531664 , 0.390792
6.543604 , 0.390271
6.554627 , 0.389751
6.564646 , 0.389307
6.575644 , 0.388789
6.586668 , 0.388272
6.598627 , 0.387756
6.608640 , 0.387315
6.619659 , 0.386727
6.631648 , 0.386142
6.643601 , 0.385630
6.654635 , 0.385192
6.664636 , 0.384755
6.674644 , 0.384246
6.684655 , 0.383811
6.695656 , 0.383304
6.707656 , 0.382799
6.718593 , 0.382366
6.728633 , 0.381790
6.739652 , 0.381359
6.749652 , 0.380858
6.760631 , 0.380357
6.771594 , 0.379929
6.782628 , 0.379359
6.793589 , 0.378933
6.803604 , 0.378436
6.813649 , 0.378011
6.824611 , 0.377588
6.836630 , 0.377094
6.848601 , 0.376602
6.858625 , 0.376180
6.870585 , 0.375620
6.880628 , 0.375131
6.893582 , 0.374573
6.904583 , 0.374155
6.915580 , 0.373670
6.926586 , 0.373116
6.936587 , 0.372701
6.947580 , 0.372218
6.957635 , 0.371805
6.970595 , 0.371256
6.981620 , 0.370777
6.991649 , 0.370367
7.002619 , 0.369890
7.012633 , 0.369481
7.024613 , 0.369006
7.035615 , 0.368532
7.046615 , 0.368059
7.057633 , 0.367654
7.068577 , 0.367183
7.080633 , 0.366780
7.091612 , 0.366245
7.101629 , 0.365844
7.112629 , 0.365377
7.125570 , 0.364845
7.135628 , 0.364380
7.147585 , 0.363851
7.157623 , 0.363455
7.168566 , 0.363060
7.178609 , 0.362599
7.191576 , 0.362075
7.202574 , 0.361617
7.213622 , 0.361226
7.224580 , 0.360835
7.234622 , 0.360445
7.247562 , 0.359926
7.258607 , 0.359409
7.269583 , 0.358958
7.280560 , 0.358572
7.290619 , 0.358187
7.301619 , 0.357738
7.313556 , 0.357355
7.324557 , 0.356908
7.335613 , 0.356463
7.346555 , 0.356019
7.357598 , 0.355513
7.368619 , 0.355134
7.380561 , 0.354756
7.390612 , 0.354253
7.401568 , 0.353815
