0.005023 , 0.353303
0.016061 , 0.352863
0.038997 , 0.351977
0.049048 , 0.351531
0.059996 , 0.351082
0.070997 , 0.350696
0.081059 , 0.350373
0.092994 , 0.349918
0.104996 , 0.349462
0.116044 , 0.349003
0.127993 , 0.348541
0.138043 , 0.348078
0.149988 , 0.347612
0.160043 , 0.347210
0.172986 , 0.346605
0.184030 , 0.346132
0.195990 , 0.345656
0.206987 , 0.345178
0.217061 , 0.344697
0.229038 , 0.344145
0.240010 , 0.343659
0.252062 , 0.343101
0.264035 , 0.342610
0.275010 , 0.342046
0.285034 , 0.341620
0.295981 , 0.341193
0.306984 , 0.340620
0.317033 , 0.340188
0.327995 , 0.339755
0.338031 , 0.339247
0.350050 , 0.338662
0.361029 , 0.338222
0.376974 , 0.337558
0.390974 , 0.337038
0.403973 , 0.336366
0.414006 , 0.335765
0.427971 , 0.335085
0.439971 , 0.334552
0.449973 , 0.334171
0.460969 , 0.333633
0.470970 , 0.333248
0.481971 , 0.332628
0.493968 , 0.332083
0.504969 , 0.331535
0.514969 , 0.331063
0.525966 , 0.330431
0.535968 , 0.329874
0.546967 , 0.329315
0.559964 , 0.328672
0.569965 , 0.328025
0.580963 , 0.327537
0.591987 , 0.326965
0.603983 , 0.326390
0.613988 , 0.325813
0.624988 , 0.325065
0.635991 , 0.324481
0.646025 , 0.323977
0.656990 , 0.323386
0.669957 , 0.322793
0.680010 , 0.322196
0.690011 , 0.321682
0.701009 , 0.320993
0.711009 , 0.320473
0.721956 , 0.319864
0.732979 , 0.319164
0.744956 , 0.318460
0.756952 , 0.317840
0.767006 , 0.317307
0.778025 , 0.316591
0.790014 , 0.315961
0.801949 , 0.315328
0.812002 , 0.314692
0.823949 , 0.314052
0.835960 , 0.313317
0.847949 , 0.312577
0.864946 , 0.312019
0.878946 , 0.311552
0.889977 , 0.310989
0.900977 , 0.310330
0.911976 , 0.309762
0.921983 , 0.309191
0.932968 , 0.308426
0.943943 , 0.307752
0.955997 , 0.306978
0.968941 , 0.306297
0.979992 , 0.305416
0.990012 , 0.304727
1.000992 , 0.304034
1.011976 , 0.303436
1.022973 , 0.302736
1.033994 , 0.302133
1.044993 , 0.301527
1.055962 , 0.300715
1.070933 , 0.300000
1.081969 , 0.299282
1.092003 , 0.298662
1.102991 , 0.297937
1.114930 , 0.297207
1.125001 , 0.296473
1.136970 , 0.295735
1.147931 , 0.294994
1.157983 , 0.294248
1.168934 , 0.293498
1.180972 , 0.292637
1.190980 , 0.291878
1.200983 , 0.291225
1.211959 , 0.290459
1.221967 , 0.289909
1.231997 , 0.289247
1.242937 , 0.288581
1.252947 , 0.288024
1.264957 , 0.287353
1.274985 , 0.286566
1.285945 , 0.285888
1.295973 , 0.285093
1.306973 , 0.284409
1.318919 , 0.283721
1.329988 , 0.282914
1.341922 , 0.282219
1.352949 , 0.281288
1.364980 , 0.280468
1.375949 , 0.279644
1.385970 , 0.278816
1.396919 , 0.277983
1.407941 , 0.277145
1.418915 , 0.276424
1.428983 , 0.275578
1.440967 , 0.274727
1.451981 , 0.273872
1.462980 , 0.272889
1.474937 , 0.272024
1.484963 , 0.271030
1.496906 , 0.270155
1.506960 , 0.269276
1.518907 , 0.268391
1.528976 , 0.267502
1.540931 , 0.266736
1.551967 , 0.265967
1.563974 , 0.264935
1.574930 , 0.264028
1.585955 , 0.263115
1.597926 , 0.262198
1.608954 , 0.261276
1.621905 , 0.260216
1.631953 , 0.259283
1.643900 , 0.258345
1.654899 , 0.257402
1.664955 , 0.256455
1.677943 , 0.255502
1.688903 , 0.254544
1.699918 , 0.253719
1.710895 , 0.252890
1.722899 , 0.252058
1.733947 , 0.251082
1.744892 , 0.250241
1.755963 , 0.249114
1.766960 , 0.248123
1.777961 , 0.247269
1.789917 , 0.246268
1.800897 , 0.245261
1.810906 , 0.244394
1.820945 , 0.243523
1.832914 , 0.242503
1.843887 , 0.241477
1.853941 , 0.240593
1.864931 , 0.239705
1.875939 , 0.238515
1.888887 , 0.237319
1.898950 , 0.236417
1.910931 , 0.235510
1.922908 , 0.234296
1.933946 , 0.233227
1.945905 , 0.232153
1.955971 , 0.231074
1.966933 , 0.229989
1.976949 , 0.228899
1.988896 , 0.227959
1.998948 , 0.227016
2.009930 , 0.225911
2.020940 , 0.224640
2.031901 , 0.223523
2.043909 , 0.222561
2.053962 , 0.221433
2.064938 , 0.220461
2.075955 , 0.219160
2.086928 , 0.218015
2.097909 , 0.216864
2.109876 , 0.215542
2.120886 , 0.214546
2.131912 , 0.213546
2.142870 , 0.212205
2.152922 , 0.211026
2.163924 , 0.210011
2.175884 , 0.208821
2.185933 , 0.207797
2.196919 , 0.206768
2.208873 , 0.205563
2.218877 , 0.204525
2.228917 , 0.203309
2.239901 , 0.202087
2.249922 , 0.200859
2.260894 , 0.199625
2.271893 , 0.198386
2.282903 , 0.196962
2.293862 , 0.195890
2.304917 , 0.194633
2.315911 , 0.193370
2.326922 , 0.192283
2.338874 , 0.191010
2.349908 , 0.189914
2.359910 , 0.188630
2.370877 , 0.187524
2.380918 , 0.186414
2.391879 , 0.185300
2.401923 , 0.184369
2.412923 , 0.183247
2.423879 , 0.181932
2.433922 , 0.180612
2.444877 , 0.179286
2.454905 , 0.178145
2.465903 , 0.177000
2.477873 , 0.175466
2.488849 , 0.174311
2.498912 , 0.172958
2.509917 , 0.171599
2.521902 , 0.170234
2.531916 , 0.169059
2.543846 , 0.167684
2.553908 , 0.166500
2.564919 , 0.165114
2.577854 , 0.163921
2.588869 , 0.162525
2.599869 , 0.160921
2.610856 , 0.159714
2.620904 , 0.158502
2.633850 , 0.156881
2.645844 , 0.155251
2.656888 , 0.153820
2.668839 , 0.152383
2.678866 , 0.151147
2.688906 , 0.149699
2.699867 , 0.148454
2.710905 , 0.146996
2.722859 , 0.145533
2.732861 , 0.144485
2.745839 , 0.143012
2.755885 , 0.141745
2.767833 , 0.140051
2.777884 , 0.138562
2.788857 , 0.137282
2.800829 , 0.135783
2.811829 , 0.134494
2.821882 , 0.132986
2.832862 , 0.131689
2.843828 , 0.130170
2.854866 , 0.128429
2.866824 , 0.127119
2.876888 , 0.125366
2.888878 , 0.123826
2.899852 , 0.122503
2.911854 , 0.121176
2.922878 , 0.119845
2.933877 , 0.118288
2.944823 , 0.117173
2.954877 , 0.115383
2.964890 , 0.113813
2.975851 , 0.112237
2.985871 , 0.111109
2.999824 , 0.109298
3.009887 , 0.107709
3.020817 , 0.106344
3.030874 , 0.104975
3.041869 , 0.103373
3.052853 , 0.101997
3.062871 , 0.100618
3.074829 , 0.099005
3.085883 , 0.097387
3.096836 , 0.095766
3.107837 , 0.094140
3.119872 , 0.092743
3.130810 , 0.091343
3.141862 , 0.089471
3.152861 , 0.087830
3.163839 , 0.086184
3.175806 , 0.084299
3.185862 , 0.082645
3.196859 , 0.080988
3.206866 , 0.079326
3.217804 , 0.077900
3.227828 , 0.076470
3.238862 , 0.074561
3.249858 , 0.072886
3.260848 , 0.071208
3.271828 , 0.069286
3.281847 , 0.067601
3.292799 , 0.065913
3.303800 , 0.064706
3.314800 , 0.062770
3.325796 , 0.061073
3.335805 , 0.059374
3.346798 , 0.057915
3.356850 , 0.056210
3.367795 , 0.054503
3.378849 , 0.052304
3.389796 , 0.050591
3.401797 , 0.048385
3.412803 , 0.046912
3.424794 , 0.045192
3.435798 , 0.043715
3.445877 , 0.041991
3.457825 , 0.040265
3.469787 , 0.038289
3.479813 , 0.036559
3.489858 , 0.034579
3.500840 , 0.033093
3.511853 , 0.031357
3.522849 , 0.029869
3.533838 , 0.028379
3.544795 , 0.026888
3.556785 , 0.025147
3.566832 , 0.023655
3.576836 , 0.022161
3.587836 , 0.020417
3.598810 , 0.018673
3.608834 , 0.017426
3.620818 , 0.015680
3.630871 , 0.014182
3.641852 , 0.012685
3.652803 , 0.010937
3.662831 , 0.009438
3.673801 , 0.007939
3.683833 , 0.006439
3.695835 , 0.004440
3.706808 , 0.002690
3.717773 , 0.001190
3.727826 , -0.000560
3.737844 , -0.002310
3.748771 , -0.004060
3.758829 , -0.006059
3.770828 , -0.008059
3.781832 , -0.009807
3.792768 , -0.011306
3.802822 , -0.013054
3.813794 , -0.014552
3.825769 , -0.016049
3.835819 , -0.017546
3.846765 , -0.019291
3.856822 , -0.021035
3.867765 , -0.022778
3.877817 , -0.024521
3.888806 , -0.026262
3.900768 , -0.028001
3.910833 , -0.029740
3.921767 , -0.031477
3.932785 , -0.033212
3.943760 , -0.035193
3.954762 , -0.036925
3.964786 , -0.038902
3.975794 , -0.040630
3.985811 , -0.042110
3.995844 , -0.043588
4.006755 , -0.045065
4.016827 , -0.046785
4.028804 , -0.048258
4.040841 , -0.050220
4.052809 , -0.052423
4.064758 , -0.054377
4.074823 , -0.055841
4.085805 , -0.057546
4.095805 , -0.058763
4.106803 , -0.060463
4.116823 , -0.061919
4.128803 , -0.063856
4.138808 , -0.065307
4.150775 , -0.066755
4.162794 , -0.068441
4.174763 , -0.070125
4.184800 , -0.071805
4.195815 , -0.073482
4.206798 , -0.075156
4.217744 , -0.077064
4.227814 , -0.078493
4.239795 , -0.080156
4.249812 , -0.081578
4.259812 , -0.082998
4.271765 , -0.084887
4.281772 , -0.086300
4.291812 , -0.087946
4.304741 , -0.089587
4.315789 , -0.091225
4.326765 , -0.092625
4.336808 , -0.094023
4.348760 , -0.095649
4.358777 , -0.096808
4.369734 , -0.098427
4.379804 , -0.100042
4.390804 , -0.101653
4.401734 , -0.103259
4.412757 , -0.104861
4.422795 , -0.106458
4.433801 , -0.108278
4.444752 , -0.110092
4.455802 , -0.111674
4.466792 , -0.113027
4.478735 , -0.114600
4.489738 , -0.115945
4.499801 , -0.117509
4.511741 , -0.119069
4.522750 , -0.120624
4.533734 , -0.122174
4.544796 , -0.123939
4.555758 , -0.125478
4.568722 , -0.127012
4.579724 , -0.128323
4.590763 , -0.130065
4.601774 , -0.131584
4.613771 , -0.133097
4.626724 , -0.134820
4.637769 , -0.136323
4.650781 , -0.138033
4.662733 , -0.139736
4.673744 , -0.141009
4.684742 , -0.142700
4.696770 , -0.143964
4.707767 , -0.145224
4.718716 , -0.146688
4.728767 , -0.147939
4.739747 , -0.149394
4.751713 , -0.150842
4.761764 , -0.152286
4.771774 , -0.153518
4.782715 , -0.154951
4.794752 , -0.156582
4.805707 , -0.157800
4.815743 , -0.159014
4.826748 , -0.160627
4.836760 , -0.162031
4.846770 , -0.163231
4.857738 , -0.164625
4.868706 , -0.165815
4.878729 , -0.167001
4.890766 , -0.168380
4.900773 , -0.169753
4.911766 , -0.171120
4.923729 , -0.172675
4.933771 , -0.173837
4.944728 , -0.175186
4.954742 , -0.176147
4.965699 , -0.177487
4.975701 , -0.178440
4.985746 , -0.179580
4.996755 , -0.181094
5.007724 , -0.182412
5.018694 , -0.183537
5.028720 , -0.184845
5.038742 , -0.185961
5.049751 , -0.187257
5.060760 , -0.188548
5.071780 , -0.190016
5.083719 , -0.191294
5.095690 , -0.192385
5.105746 , -0.193833
5.115760 , -0.195094
5.126747 , -0.196170
5.137713 , -0.197241
5.148715 , -0.198486
5.159695 , -0.199549
5.169751 , -0.200783
5.180684 , -0.201836
5.190703 , -0.203059
5.200753 , -0.204450
5.211748 , -0.205489
5.222702 , -0.206523
5.233681 , -0.207552
5.243683 , -0.208749
5.253751 , -0.209939
5.265699 , -0.211123
5.275704 , -0.212302
5.285704 , -0.213141
5.296720 , -0.214143
5.307681 , -0.215141
5.318677 , -0.216301
5.328679 , -0.217290
5.339678 , -0.218438
5.350730 , -0.219581
5.361675 , -0.220719
5.371728 , -0.221689
5.383672 , -0.222655
5.394690 , -0.223937
5.406688 , -0.225053
5.419678 , -0.226163
5.431694 , -0.227267
5.441740 , -0.228366
5.452739 , -0.229460
5.463686 , -0.230237
5.474705 , -0.231167
5.484727 , -0.232246
5.495699 , -0.233472
5.506694 , -0.234540
5.518667 , -0.235602
5.528736 , -0.236658
5.540722 , -0.237710
5.551717 , -0.238904
5.561734 , -0.239796
5.573687 , -0.240978
5.583731 , -0.242007
5.594660 , -0.243030
5.604685 , -0.244049
5.614723 , -0.245062
5.625676 , -0.245926
5.635683 , -0.246929
5.645729 , -0.247927
5.656681 , -0.248919
5.667660 , -0.249907
5.677709 , -0.250749
5.688714 , -0.251727
5.699684 , -0.252700
5.710724 , -0.253668
5.721712 , -0.254630
5.733677 , -0.255588
5.746653 , -0.256812
5.758704 , -0.257758
5.769697 , -0.258833
5.779720 , -0.259768
5.790664 , -0.260566
5.802647 , -0.261492
5.812682 , -0.262282
5.822705 , -0.263068
5.834651 , -0.263981
5.845645 , -0.264889
5.857654 , -0.265793
5.869643 , -0.266819
5.879697 , -0.267585
5.890657 , -0.268347
5.900670 , -0.269105
5.911712 , -0.269986
5.923643 , -0.270862
5.933711 , -0.271609
5.944639 , -0.272477
5.954709 , -0.273216
5.966668 , -0.274075
5.976696 , -0.274807
5.987692 , -0.275536
5.998675 , -0.276262
6.009644 , -0.276985
6.020633 , -0.277823
6.030706 , -0.278538
6.043642 , -0.279487
6.057643 , -0.280429
6.068632 , -0.281249
6.078659 , -0.282181
6.089648 , -0.282992
6.099701 , -0.283798
6.111667 , -0.284600
6.122630 , -0.285511
6.133690 , -0.286417
6.145701 , -0.287205
6.156695 , -0.287989
6.167626 , -0.288768
6.177627 , -0.289543
6.187666 , -0.290205
6.197688 , -0.290863
6.208632 , -0.291627
6.219681 , -0.292387
6.229693 , -0.293142
6.240678 , -0.293894
6.251672 , -0.294642
6.262691 , -0.295386
6.273639 , -0.296125
6.283673 , -0.296861
6.294685 , -0.297593
6.306650 , -0.298217
6.316687 , -0.298838
6.327680 , -0.299559
6.337686 , -0.300174
6.348640 , -0.300787
6.359686 , -0.301497
6.371619 , -0.302204
6.381639 , -0.302907
6.393624 , -0.303706
6.403638 , -0.304203
6.414630 , -0.304896
6.424641 , -0.305486
6.435672 , -0.306074
6.446659 , -0.306659
6.458607 , -0.307339
6.470640 , -0.308110
6.481663 , -0.308782
6.492605 , -0.309450
6.503608 , -0.310114
6.513659 , -0.310775
6.524632 , -0.311339
6.534633 , -0.311993
6.544642 , -0.312644
6.557616 , -0.313292
6.569654 , -0.314027
6.580647 , -0.314667
6.590658 , -0.315213
6.600659 , -0.315757
6.612603 , -0.316477
6.622640 , -0.317104
6.632671 , -0.317728
6.644612 , -0.318349
6.655656 , -0.318878
6.667598 , -0.319492
6.677613 , -0.320016
6.688597 , -0.320625
6.698666 , -0.321230
6.709613 , -0.321746
6.719619 , -0.322260
6.730609 , -0.322941
6.741649 , -0.323450
6.751650 , -0.324040
6.763631 , -0.324711
6.775608 , -0.325295
6.786618 , -0.325875
6.798588 , -0.326453
6.808649 , -0.327027
6.819635 , -0.327599
6.830590 , -0.328086
6.841607 , -0.328572
6.851644 , -0.329055
6.862641 , -0.329616
6.872645 , -0.330174
6.884589 , -0.330729
6.895590 , -0.331281
6.906641 , -0.331831
6.918582 , -0.332377
6.928640 , -0.332921
6.938640 , -0.333462
6.950581 , -0.334000
6.960634 , -0.334459
6.971623 , -0.334992
6.983618 , -0.335522
6.994652 , -0.336050
7.006576 , -0.336574
7.016630 , -0.337022
7.027633 , -0.337542
7.038590 , -0.338059
7.048615 , -0.338500
7.059598 , -0.338939
7.071577 , -0.339449
7.082609 , -0.339957
7.093570 , -0.340461
7.103610 , -0.340892
7.114611 , -0.341392
7.126591 , -0.341960
7.136651 , -0.342455
7.148566 , -0.342947
7.159627 , -0.343436
7.170567 , -0.343923
7.182623 , -0.344408
7.194619 , -0.344959
7.204622 , -0.345370
7.215621 , -0.345779
7.225635 , -0.346187
7.236579 , -0.346592
7.246601 , -0.347063
7.256620 , -0.347532
7.267594 , -0.347999
7.279586 , -0.348463
7.291570 , -0.348859
7.302559 , -0.349318
7.312615 , -0.349711
7.323594 , -0.350101
7.333615 , -0.350555
7.344557 , -0.350942
7.354570 , -0.351455
7.364611 , -0.351838
7.375611 , -0.352220
7.386611 , -0.352663
7.398551 , -0.353167
