0.004016 , 0.000000
0.014029 , 0.000000
0.038002 , 0.000000
0.050014 , 0.000000
0.061034 , 0.000000
0.073009 , 0.000000
0.083043 , 0.000000
0.094013 , 0.000000
0.104045 , 0.000000
0.116993 , 0.000000
0.127034 , 0.000000
0.138995 , 0.000000
0.151008 , 0.000000
0.161044 , 0.000000
0.171988 , 0.000000
0.182041 , 0.000000
0.193988 , 0.000000
0.204013 , 0.000000
0.214056 , 0.000000
0.225043 , 0.000000
0.235054 , 0.000000
0.246982 , 0.000000
0.257010 , 0.000000
0.267068 , 0.000000
0.278054 , 0.000000
0.289039 , 0.000000
0.300047 , 0.000000
0.311013 , 0.000000
0.321979 , 0.000000
0.332015 , 0.000000
0.342977 , 0.000000
0.354047 , 0.000000
0.368975 , 0.000000
0.381974 , 0.000000
0.391975 , 0.000000
0.404974 , 0.000000
0.416005 , 0.000000
0.429977 , 0.000000
0.440972 , 0.000000
0.451016 , 0.000000
0.462970 , 0.000000
0.473971 , 0.000000
0.483972 , 0.000000
0.494968 , 0.000000
0.505969 , 0.000000
0.515970 , 0.000000
0.526969 , 0.000000
0.538967 , 0.000000
0.549966 , 0.000000
0.560966 , 0.000000
0.571966 , 0.000000
0.582063 , 0.000000
0.593963 , 0.000000
0.604988 , 0.000000
0.614990 , 0.000000
0.626009 , 0.000000
0.637986 , 0.000000
0.647987 , 0.000000
0.659981 , 0.000000
0.670959 , 0.000000
0.681013 , 0.000000
0.691997 , 0.000000
0.702015 , 0.000000
0.712980 , 0.000000
0.724995 , 0.000000
0.735011 , 0.000000
0.745954 , 0.000000
0.756006 , 0.000000
0.767952 , 0.000000
0.778952 , 0.000000
0.789021 , 0.000000
0.800954 , 0.000000
0.812975 , 0.000000
0.822996 , 0.000000
0.833004 , 0.000000
0.843948 , 0.000000
0.855947 , 0.000000
0.874946 , 0.000000
0.886947 , 0.000000
0.897943 , 0.000000
0.907982 , 0.000000
0.918944 , 0.000000
0.928977 , 0.000000
0.939968 , 0.000000
0.951005 , 0.000000
0.963004 , 0.000000
0.974992 , 0.000000
0.986963 , 0.000000
0.997954 , 0.000000
1.007975 , 0.000000
1.019982 , 0.000000
1.031961 , 0.000000
1.042956 , 0.000000
1.052988 , 0.000000
1.063932 , 0.000000
1.074021 , 0.000000
1.086937 , 0.000000
1.097961 , 0.000000
1.107986 , 0.000000
1.118932 , 0.000000
1.128932 , 0.000000
1.139954 , 0.000000
1.149962 , 0.000000
1.159980 , 0.000000
1.170927 , 0.000000
1.181970 , 0.000000
1.192926 , 0.000000
1.202979 , 0.000000
1.213984 , 0.000000
1.224956 , 0.000000
1.236928 , 0.000000
1.246966 , 0.000000
1.256976 , 0.000000
1.267936 , 0.000000
1.278971 , 0.000000
1.289947 , 0.000000
1.300923 , 0.000000
1.310986 , 0.000000
1.322958 , 0.000000
1.333988 , 0.000000
1.346917 , 0.000000
1.356976 , 0.000000
1.367914 , 0.000000
1.377918 , 0.000000
1.388985 , 0.000000
1.400932 , 0.000000
1.411984 , 0.000000
1.422971 , 0.000000
1.433973 , 0.000000
1.445913 , 0.000000
1.457964 , 0.000000
1.469924 , 0.000000
1.479938 , 0.000000
1.489979 , 0.000000
1.500954 , 0.000000
1.511951 , 0.000000
1.522939 , 0.000000
1.534964 , 0.000000
1.546909 , 0.000000
1.557913 , 0.000000
1.568905 , 0.000000
1.579930 , 0.000000
1.589989 , 0.000000
1.602907 , 0.000000
1.612954 , 0.000000
1.624928 , 0.000000
1.634960 , 0.000000
1.644969 , 0.000000
1.655940 , 0.000000
1.665944 , 0.000000
1.675950 , 0.000000
1.686950 , 0.000000
1.696967 , 0.000000
1.708948 , 0.000000
1.719899 , 0.000000
1.729965 , 0.000000
1.740921 , 0.000000
1.751927 , 0.000000
1.763895 , 0.000000
1.773898 , 0.000000
1.784918 , 0.000000
1.795943 , 0.000000
1.807959 , 0.000000
1.819889 , 0.000000
1.829932 , 0.000000
1.839960 , 0.000000
1.850918 , 0.000000
1.860973 , 0.000000
1.871919 , 0.000000
1.881942 , 0.000000
1.893883 , 0.000000
1.903909 , 0.000000
1.914887 , 0.000000
1.925953 , 0.000000
1.936951 , 0.000000
1.947952 , 0.000000
1.960883 , 0.000000
1.970895 , 0.000000
1.980914 , 0.000000
1.991884 , 0.000000
2.002950 , 0.000000
2.014901 , 0.000000
2.025925 , 0.000000
2.036928 , 0.000000
2.047895 , 0.000000
2.058914 , 0.000000
2.071879 , 0.000000
2.081926 , 0.000000
2.092929 , 0.000000
2.103942 , 0.000000
2.114942 , 0.000000
2.125940 , 0.000000
2.136923 , 0.000000
2.147871 , 0.000000
2.158892 , 0.000000
2.169892 , 0.000000
2.179937 , 0.000000
2.190893 , 0.000000
2.202927 , 0.000000
2.213890 , 0.000000
2.224934 , 0.000000
2.235888 , 0.000000
2.245890 , 0.000000
2.255932 , 0.000000
2.267861 , 0.000000
2.278915 , 0.000000
2.288924 , 0.000000
2.299864 , 0.000000
2.309886 , 0.000000
2.321856 , 0.000000
2.331857 , 0.000000
2.341927 , 0.000000
2.352884 , 0.000000
2.364858 , 0.000000
2.374882 , 0.000000
2.384926 , 0.000000
2.395856 , 0.000000
2.405924 , 0.000000
2.417854 , 0.000000
2.427911 , 0.000000
2.439907 , 0.000000
2.449921 , 0.000000
2.461905 , 0.000000
2.471947 , 0.000000
2.482848 , 0.000000
2.493865 , 0.000000
2.503917 , 0.000000
2.514900 , 0.000000
2.525902 , 0.000000
2.536916 , 0.000000
2.547873 , 0.000000
2.558882 , 0.000000
2.570869 , 0.000000
2.582847 , 0.000000
2.593853 , 0.000000
2.603894 , 0.000000
2.615846 , 0.000000
2.625910 , 0.000000
2.636893 , 0.000000
2.647864 , 0.000000
2.658847 , 0.000000
2.671839 , 0.000000
2.682835 , 0.000000
2.692837 , 0.000000
2.703863 , 0.000000
2.714853 , 0.000000
2.724904 , 0.000000
2.736896 , 0.000000
2.747851 , 0.000000
2.757885 , 0.000000
2.768833 , 0.000000
2.779884 , 0.000000
2.789884 , 0.000000
2.801830 , 0.000000
2.812855 , 0.000000
2.823827 , 0.000000
2.834888 , 0.000000
2.845848 , 0.000000
2.855902 , 0.000000
2.867825 , 0.000000
2.878893 , 0.000000
2.890875 , 0.000000
2.901893 , 0.000000
2.912879 , 0.000000
2.923878 , 0.000000
2.935876 , 0.000000
2.946862 , 0.000000
2.958820 , 0.000000
2.969833 , 0.000000
2.979859 , 0.000000
2.990877 , 0.000000
3.001850 , 0.000000
3.012872 , 0.000000
3.023834 , 0.000000
3.033846 , 0.000000
3.043848 , 0.000000
3.053869 , 0.000000
3.065818 , 0.000000
3.076885 , 0.000000
3.087853 , 0.000000
3.098828 , 0.000000
3.108865 , 0.000000
3.118878 , 0.000000
3.130810 , 0.000000
3.140833 , 0.000000
3.150866 , 0.000000
3.161861 , 0.000000
3.172861 , 0.000000
3.184820 , 0.000000
3.194884 , 0.000000
3.205803 , 0.000000
3.215847 , 0.000000
3.226846 , 0.000000
3.237803 , 0.000000
3.247866 , 0.000000
3.259845 , 0.000000
3.270802 , 0.000000
3.280855 , 0.000000
3.290858 , 0.000000
3.302801 , 0.000000
3.312829 , 0.000000
3.323796 , 0.000000
3.334799 , 0.000000
3.344805 , 0.000000
3.354838 , 0.000000
3.365850 , 0.000000
3.377848 , 0.000000
3.388858 , 0.000000
3.400800 , 0.000000
3.410838 , 0.000000
3.423793 , 0.000000
3.434832 , 0.000000
3.446844 , 0.000000
3.456863 , 0.000000
3.468813 , 0.000000
3.480836 , 0.000000
3.490856 , 0.000000
3.502788 , 0.000000
3.513858 , 0.000000
3.524817 , 0.000000
3.535838 , 0.000000
3.547815 , 0.000000
3.557837 , 0.000000
3.568797 , 0.000000
3.579852 , 0.000000
3.592787 , 0.000000
3.604816 , 0.000000
3.615808 , 0.000000
3.626795 , 0.000000
3.636833 , 0.000000
3.648778 , 0.000000
3.658841 , 0.000000
3.669792 , 0.000000
3.680801 , 0.000000
3.690802 , 0.000000
3.702864 , 0.000000
3.714791 , 0.000000
3.724847 , 0.000000
3.735805 , 0.000000
3.746826 , 0.000000
3.757803 , 0.000000
3.768777 , 0.000000
3.778823 , 0.000000
3.790770 , 0.000000
3.800839 , 0.000000
3.811821 , 0.000000
3.822832 , 0.000000
3.833820 , 0.000000
3.845765 , 0.000000
3.855791 , 0.000000
3.865805 , 0.000000
3.875835 , 0.000000
3.886836 , 0.000000
3.897788 , 0.000000
3.907833 , 0.000000
3.918761 , 0.000000
3.928814 , 0.000000
3.938822 , 0.000000
3.950791 , 0.000000
3.960791 , 0.000000
3.970829 , 0.000000
3.982764 , 0.000000
3.993757 , 0.000000
4.004781 , 0.000000
4.014783 , 0.000000
4.056766 , 0.000000
4.067803 , 0.000000
4.078777 , 0.000000
4.089805 , 0.000000
4.100814 , 0.000000
4.111821 , 0.000000
4.122782 , 0.000000
4.132819 , 0.000000
4.143783 , 0.000000
4.155801 , 0.000000
4.166780 , 0.000000
4.177816 , 0.000000
4.188770 , 0.000000
4.198799 , 0.000000
4.209759 , 0.000000
4.221745 , 0.000000
4.232771 , 0.000000
4.243791 , 0.000000
4.254778 , 0.000000
4.264797 , 0.000000
4.276745 , 0.000000
4.286799 , 0.000000
4.297782 , 0.000000
4.308802 , 0.000000
4.319765 , 0.000000
4.330753 , 0.000000
4.342736 , 0.000000
4.352793 , 0.000000
4.363822 , 0.000000
4.375768 , 0.000000
4.386787 , 0.000000
4.397758 , 0.000000
4.409735 , 0.000000
4.420799 , 0.000000
4.431756 , 0.000000
4.442730 , 0.000000
4.452783 , 0.000000
4.462789 , 0.000000
4.474743 , 0.000000
4.484798 , 0.000000
4.495751 , 0.000000
4.505752 , 0.000000
4.516753 , 0.000000
4.527753 , 0.000000
4.537756 , 0.000000
4.548730 , 0.000000
4.558780 , 0.000000
4.569750 , 0.000000
4.580767 , 0.000000
4.591774 , 0.000000
4.603745 , 0.000000
4.614727 , 0.000000
4.625778 , 0.000000
4.636746 , 0.000000
4.646771 , 0.000000
4.659722 , 0.000000
4.669774 , 0.000000
4.679787 , 0.000000
4.690772 , 0.000000
4.701785 , 0.000000
4.712738 , 0.000000
4.722770 , 0.000000
4.733799 , 0.000000
4.744715 , 0.000000
4.755744 , 0.000000
4.765764 , 0.000000
4.775767 , 0.000000
4.787728 , 0.000000
4.798727 , 0.000000
4.809769 , 0.000000
4.820740 , 0.000000
4.831734 , 0.000000
4.841780 , 0.000000
4.853724 , 0.000000
4.863729 , 0.000000
4.874721 , 0.000000
4.885728 , 0.000000
4.895769 , 0.000000
4.906839 , 0.000000
4.918701 , 0.000000
4.928765 , 0.000000
4.940733 , 0.000000
4.951770 , 0.000000
4.962717 , 0.000000
4.974702 , 0.000000
4.984739 , 0.000000
4.994754 , 0.000000
5.004766 , 0.000000
5.015721 , 0.000000
5.025748 , 0.000000
5.036748 , 0.000000
5.048719 , 0.000000
5.058752 , 0.000000
5.069694 , 0.000000
5.079719 , 0.000000
5.090751 , 0.000000
5.101761 , 0.000000
5.112717 , 0.000000
5.123694 , 0.000000
5.133744 , 0.000000
5.145736 , 0.000000
5.156751 , 0.000000
5.168688 , 0.000000
5.178703 , 0.000000
5.188756 , 0.000000
5.199709 , 0.000000
5.209754 , 0.000000
5.220743 , 0.000000
5.232733 , 0.000000
5.244682 , 0.000000
5.255744 , 0.000000
5.267679 , 0.000000
5.277766 , 0.000000
5.289684 , 0.000000
5.299706 , 0.000000
5.310696 , 0.000000
5.321676 , 0.000000
5.332708 , 0.000000
5.343675 , 0.000000
5.355738 , 0.000000
5.365745 , 0.000000
5.375747 , 0.000000
5.425673 , 0.000000
5.435733 , 0.000000
5.447685 , 0.000000
5.457756 , 0.000000
5.469683 , 0.000000
5.479724 , 0.000000
5.490668 , 0.000000
5.502674 , 0.000000
5.512697 , 0.000000
5.523688 , 0.000000
5.534666 , 0.000000
5.544753 , 0.000000
5.555740 , 0.000000
5.567662 , 0.000000
5.578675 , 0.000000
5.588732 , 0.000000
5.600716 , 0.000000
5.611700 , 0.000000
5.624696 , 0.000000
5.636659 , 0.000000
5.647660 , 0.000000
5.657723 , 0.000000
5.669656 , 0.000000
5.679657 , 0.000000
5.690713 , 0.000000
5.702682 , 0.000000
5.712712 , 0.000000
5.723706 , 0.000000
5.734708 , 0.000000
5.745653 , 0.000000
5.756712 , 0.000000
5.767650 , 0.000000
5.777667 , 0.000000
5.787677 , 0.000000
5.798652 , 0.000000
5.808702 , 0.000000
5.820669 , 0.000000
5.830717 , 0.000000
5.841647 , 0.000000
5.852644 , 0.000000
5.863647 , 0.000000
5.874697 , 0.000000
5.884705 , 0.000000
5.895680 , 0.000000
5.905713 , 0.000000
5.916692 , 0.000000
5.926702 , 0.000000
5.937668 , 0.000000
5.948649 , 0.000000
5.958680 , 0.000000
5.970639 , 0.000000
5.980664 , 0.000000
5.990707 , 0.000000
6.002700 , 0.000000
6.014706 , 0.000000
6.026640 , 0.000000
6.036695 , 0.000000
6.047697 , 0.000000
6.058661 , 0.000000
6.069634 , 0.000000
6.079673 , 0.000000
6.090681 , 0.000000
6.100690 , 0.000000
6.111667 , 0.000000
6.121700 , 0.000000
6.132684 , 0.000000
6.144645 , 0.000000
6.154680 , 0.000000
6.166630 , 0.000000
6.176674 , 0.000000
6.188623 , 0.000000
6.198646 , 0.000000
6.210683 , 0.000000
6.222639 , 0.000000
6.232693 , 0.000000
6.243622 , 0.000000
6.253674 , 0.000000
6.264648 , 0.000000
6.274720 , 0.000000
6.285646 , 0.000000
6.297623 , 0.000000
6.308675 , 0.000000
6.318679 , 0.000000
6.328718 , 0.000000
6.339662 , 0.000000
6.349696 , 0.000000
6.362616 , 0.000000
6.373629 , 0.000000
6.383687 , 0.000000
6.394611 , 0.000000
6.404667 , 0.000000
6.415666 , 0.000000
6.427644 , 0.000000
6.437676 , 0.000000
6.447679 , 0.000000
6.459609 , 0.000000
6.469668 , 0.000000
6.480665 , 0.000000
6.490666 , 0.000000
6.502631 , 0.000000
6.512647 , 0.000000
6.523616 , 0.000000
6.533651 , 0.000000
6.545658 , 0.000000
6.556666 , 0.000000
6.567600 , 0.000000
6.577649 , 0.000000
6.588662 , 0.000000
6.601603 , 0.000000
6.613610 , 0.000000
6.624615 , 0.000000
6.634669 , 0.000000
6.646656 , 0.000000
6.657655 , 0.000000
6.670650 , 0.000000
6.680655 , 0.000000
6.690655 , 0.000000
6.702635 , 0.000000
6.713652 , 0.000000
6.725617 , 0.000000
6.736640 , 0.000000
6.827605 , 0.000000
6.837644 , 0.000000
6.849588 , 0.000000
6.859590 , 0.000000
6.869671 , 0.000000
6.881585 , 0.000000
6.891627 , 0.000000
6.903629 , 0.000000
6.914599 , 0.000000
6.924646 , 0.000000
6.935623 , 0.000000
6.946622 , 0.000000
6.958616 , 0.000000
6.969581 , 0.000000
6.979618 , 0.000000
6.990594 , 0.000000
7.000619 , 0.000000
7.011594 , 0.000000
7.021633 , 0.000000
7.034580 , 0.000000
7.044634 , 0.000000
7.055588 , 0.000000
7.066615 , 0.000000
7.076615 , 0.000000
7.086631 , 0.000000
7.098598 , 0.000000
7.108630 , 0.000000
7.119570 , 0.000000
7.130594 , 0.000000
7.141629 , 0.000000
7.152595 , 0.000000
7.164615 , 0.000000
7.175592 , 0.000000
7.186623 , 0.000000
7.198583 , 0.000000
7.208591 , 0.000000
7.220594 , 0.000000
7.230639 , 0.000000
7.241621 , 0.000000
7.252587 , 0.000000
7.262619 , 0.000000
7.273577 , 0.000000
7.286566 , 0.000000
7.296602 , 0.000000
7.307615 , 0.000000
7.318557 , 0.000000
7.328572 , 0.000000
7.338615 , 0.000000
7.349583 , 0.000000
7.359598 , 0.000000
7.370555 , 0.000000
7.381554 , 0.000000
7.392551 , 0.000000
7.402591 , 0.000000
